My matrix A is
+0.285 +0.863 +0.953 +0.720 +0.543 +0.299 +0.593 
+0.863 +0.984 +0.949 +0.688 +0.350 +0.858 +0.232 
+0.953 +0.949 +0.109 +0.907 +0.052 +0.636 +0.425 
+0.720 +0.688 +0.907 +0.923 +0.828 +0.162 +0.545 
+0.543 +0.350 +0.052 +0.828 +0.153 +0.842 +0.181 
+0.299 +0.858 +0.636 +0.162 +0.842 +0.102 +0.534 
+0.593 +0.232 +0.425 +0.545 +0.181 +0.534 +0.838 
Diagonalization done in 5 sweeps
This yields eigenvalues
 -1.374
 -0.555
 -0.347
  0.371
  0.500
  0.708
  4.090
And a matrix of eigenvectors
+0.331 +0.186 +0.800 +0.234 +0.011 -0.015 +0.401 
-0.111 +0.502 -0.326 +0.117 -0.241 +0.580 +0.470 
-0.491 -0.677 +0.062 +0.355 -0.041 +0.117 +0.395 
+0.303 -0.020 -0.391 +0.113 +0.696 -0.241 +0.446 
-0.508 +0.153 +0.239 -0.710 +0.278 -0.060 +0.276 
+0.516 -0.438 -0.105 -0.533 -0.368 +0.121 +0.311 
-0.141 +0.200 -0.168 +0.075 -0.493 -0.757 +0.300 
V^TAV should yield
-1.374 +0.000 +0.000 +0.000 +0.000 +0.000 +0.000 
+0.000 -0.555 +0.000 +0.000 +0.000 +0.000 +0.000 
+0.000 +0.000 -0.347 +0.000 +0.000 +0.000 +0.000 
+0.000 +0.000 +0.000 +0.371 +0.000 +0.000 +0.000 
+0.000 +0.000 +0.000 +0.000 +0.500 +0.000 +0.000 
+0.000 +0.000 +0.000 +0.000 +0.000 +0.708 +0.000 
+0.000 +0.000 +0.000 +0.000 +0.000 +0.000 +4.090 
It yields
-1.374 +0.000 -0.000 -0.000 +0.000 +0.000 -0.000 
+0.000 -0.555 +0.000 +0.000 -0.000 +0.000 +0.000 
-0.000 +0.000 -0.347 -0.000 +0.000 -0.000 -0.000 
-0.000 +0.000 -0.000 +0.371 +0.000 +0.000 -0.000 
+0.000 -0.000 +0.000 +0.000 +0.500 -0.000 +0.000 
+0.000 +0.000 -0.000 +0.000 -0.000 +0.708 -0.000 
-0.000 +0.000 -0.000 -0.000 +0.000 -0.000 +4.090 
