My matrix A is
+0.751 +0.577 +0.125 +0.371 +0.475 +0.902 +0.400 
+0.577 +0.975 +0.968 +0.842 +0.928 +0.969 +0.630 
+0.125 +0.968 +0.829 +0.457 +0.792 +0.367 +0.233 
+0.371 +0.842 +0.457 +0.785 +0.226 +0.480 +0.525 
+0.475 +0.928 +0.792 +0.226 +0.245 +0.943 +0.599 
+0.902 +0.969 +0.367 +0.480 +0.943 +0.531 +0.062 
+0.400 +0.630 +0.233 +0.525 +0.599 +0.062 +0.942 
Diagonalization done in 6 sweeps
This yields eigenvalues
 -0.856
 -0.387
 -0.136
  0.431
  0.834
  0.909
  4.262
And a matrix of eigenvectors
-0.157 +0.213 +0.609 -0.031 +0.373 +0.563 +0.320 
-0.073 +0.738 -0.365 +0.076 -0.161 -0.093 +0.525 
+0.247 -0.100 +0.576 -0.127 -0.585 -0.337 +0.354 
-0.166 -0.303 +0.045 +0.817 +0.195 -0.253 +0.331 
-0.674 -0.426 -0.212 -0.392 -0.132 +0.050 +0.383 
+0.591 -0.348 -0.342 +0.025 -0.084 +0.501 +0.393 
+0.281 -0.069 -0.022 -0.395 +0.656 -0.494 +0.292 
V^TAV should yield
-0.856 +0.000 +0.000 +0.000 +0.000 +0.000 +0.000 
+0.000 -0.387 +0.000 +0.000 +0.000 +0.000 +0.000 
+0.000 +0.000 -0.136 +0.000 +0.000 +0.000 +0.000 
+0.000 +0.000 +0.000 +0.431 +0.000 +0.000 +0.000 
+0.000 +0.000 +0.000 +0.000 +0.834 +0.000 +0.000 
+0.000 +0.000 +0.000 +0.000 +0.000 +0.909 +0.000 
+0.000 +0.000 +0.000 +0.000 +0.000 +0.000 +4.262 
It yields
-0.856 +0.000 +0.000 +0.000 -0.000 -0.000 -0.000 
+0.000 -0.387 -0.000 -0.000 -0.000 -0.000 +0.000 
+0.000 -0.000 -0.136 -0.000 -0.000 -0.000 -0.000 
+0.000 -0.000 +0.000 +0.431 +0.000 +0.000 +0.000 
-0.000 -0.000 -0.000 +0.000 +0.834 +0.000 -0.000 
-0.000 -0.000 -0.000 +0.000 +0.000 +0.909 -0.000 
-0.000 +0.000 -0.000 +0.000 -0.000 -0.000 +4.262 
