My matrix A is
+0.054 +0.519 +0.102 +0.904 +0.026 +0.145 +0.478 
+0.519 +0.787 +0.380 +0.207 +0.818 +0.067 +0.130 
+0.102 +0.380 +0.460 +0.447 +0.689 +0.840 +0.638 
+0.904 +0.207 +0.447 +0.420 +0.080 +0.664 +0.580 
+0.026 +0.818 +0.689 +0.080 +0.405 +0.853 +0.510 
+0.145 +0.067 +0.840 +0.664 +0.853 +0.019 +0.098 
+0.478 +0.130 +0.638 +0.580 +0.510 +0.098 +0.229 
Diagonalization done in 6 sweeps
This yields eigenvalues
 -1.172
 -0.829
 -0.371
  0.021
  0.731
  0.971
  3.023
And a matrix of eigenvectors
+0.073 -0.751 +0.077 -0.059 -0.362 -0.465 +0.273 
-0.251 +0.235 -0.250 -0.073 -0.749 +0.346 +0.366 
+0.248 -0.169 -0.722 +0.130 +0.381 +0.145 +0.454 
+0.301 +0.560 +0.042 -0.312 +0.006 -0.590 +0.384 
+0.475 -0.066 +0.585 +0.038 +0.057 +0.485 +0.434 
-0.648 -0.112 +0.168 -0.496 +0.391 +0.081 +0.367 
-0.367 +0.147 +0.194 +0.794 +0.086 -0.232 +0.339 
V^TAV should yield
-1.172 +0.000 +0.000 +0.000 +0.000 +0.000 +0.000 
+0.000 -0.829 +0.000 +0.000 +0.000 +0.000 +0.000 
+0.000 +0.000 -0.371 +0.000 +0.000 +0.000 +0.000 
+0.000 +0.000 +0.000 +0.021 +0.000 +0.000 +0.000 
+0.000 +0.000 +0.000 +0.000 +0.731 +0.000 +0.000 
+0.000 +0.000 +0.000 +0.000 +0.000 +0.971 +0.000 
+0.000 +0.000 +0.000 +0.000 +0.000 +0.000 +3.023 
It yields
-1.172 -0.000 +0.000 +0.000 +0.000 +0.000 +0.000 
-0.000 -0.829 -0.000 -0.000 +0.000 -0.000 +0.000 
+0.000 -0.000 -0.371 -0.000 +0.000 -0.000 +0.000 
+0.000 -0.000 -0.000 +0.021 +0.000 +0.000 +0.000 
+0.000 +0.000 +0.000 +0.000 +0.731 +0.000 +0.000 
+0.000 -0.000 -0.000 +0.000 +0.000 +0.971 +0.000 
+0.000 +0.000 +0.000 +0.000 +0.000 +0.000 +3.023 
