Random matrix A:
0.840188 0.394383 0.783099 0.79844 
0.911647 0.197551 0.335223 0.76823 
0.277775 0.55397 0.477397 0.628871 
0.364784 0.513401 0.95223 0.916195 
0.635712 0.717297 0.141603 0.606969 
Performing QR decomposition
Resulting matrix Q:
0.57282 -0.167784 0.329119 -0.715375 
0.62154 -0.513345 -0.12249 0.575419 
0.18938 0.553662 0.0550274 0.214767 
0.248702 0.419213 0.65985 0.299712 
0.433414 0.475441 -0.662002 -0.145533 
Resulting matrix R:
1.46676 0.892178 1.04553 1.54487 
0 0.695386 0.427351 0.492509 
0 0 0.777529 0.406023 
0 0 0 0.192191 
Q^TQ should be 1, it is:
1 1.38778e-16 0 2.498e-16 
1.38778e-16 1 -1.11022e-16 -2.63678e-16 
0 -1.11022e-16 1 5.68989e-16 
2.498e-16 -2.63678e-16 5.68989e-16 1 
QR should be equal to A, it is:
0.840188 0.394383 0.783099 0.79844 
0.911647 0.197551 0.335223 0.76823 
0.277775 0.55397 0.477397 0.628871 
0.364784 0.513401 0.95223 0.916195 
0.635712 0.717297 0.141603 0.606969 
Square random matrix:
0.0163006 0.242887 0.137232 0.804177 0.156679 
0.400944 0.12979 0.108809 0.998925 0.218257 
0.512932 0.839112 0.61264 0.296032 0.637552 
0.524287 0.493583 0.972775 0.292517 0.771358 
0.526745 0.769914 0.400229 0.891529 0.283315 
Random right hand side b:
  0.352
  0.808
  0.919
  0.070
  0.949
The solution x is:
  0.943
  0.875
 -2.072
  0.233
  1.415
We should have Ax=b, we have Ax=
  0.352
  0.808
  0.919
  0.070
  0.949
The inverse matrix is:
-3.05668 1.67207 -0.27282 0.0175192 0.968534 
0.541851 -1.17922 1.03222 -0.92036 0.791742 
0.200373 -1.88294 -3.15088 2.27813 2.2278 
0.885007 0.275723 -0.486085 0.0902795 0.14622 
1.14257 1.88813 3.68291 -1.0338 -4.02991 
AA^-1 should be 1, it is:
1 5.55112e-17 -1.11022e-16 -1.38778e-16 -2.22045e-16 
2.77556e-17 1 3.33067e-16 -5.55112e-17 2.22045e-16 
4.44089e-16 2.22045e-16 1 -1.11022e-16 0 
0 2.22045e-16 4.44089e-16 1 0 
-1.11022e-16 3.33067e-16 6.66134e-16 -1.66533e-16 1 
A^-1 A should be 1, it is:
1 1.77636e-15 1.33227e-15 1.11022e-15 1.22125e-15 
-3.88578e-16 1 -1.66533e-16 -2.22045e-16 -8.32667e-17 
8.88178e-16 4.44089e-16 1 1.11022e-15 1.11022e-16 
-1.94289e-16 -2.35922e-16 -2.84495e-16 1 -3.05311e-16 
-8.88178e-16 -8.88178e-16 0 -1.33227e-15 1 
