Random matrix A:
0.44745 0.310325 0.0982397 0.615026 
0.0634672 0.87995 0.107003 0.486486 
0.230349 0.0446402 0.640286 0.564366 
0.116155 0.77173 0.478708 0.107749 
0.798984 0.328511 0.558235 0.0918726 
Performing QR decomposition
Resulting matrix Q:
0.469269 0.0325291 -0.417596 0.572566 
0.0665621 0.756906 -0.21457 0.257536 
0.241582 -0.0868519 0.795787 0.526973 
0.12182 0.630459 0.380982 -0.367221 
0.837946 -0.144958 -0.0339064 -0.439649 
Resulting matrix R:
0.953503 0.584268 0.733992 0.547445 
0 1.11118 0.249462 0.393828 
0 0 0.608999 0.125833 
0 0 0 0.694877 
Q^TQ should be 1, it is:
1 2.22045e-16 3.29597e-16 5.55112e-17 
2.22045e-16 1 -9.19403e-17 -2.77556e-17 
3.29597e-16 -9.19403e-17 1 -1.9082e-17 
5.55112e-17 -2.77556e-17 -1.9082e-17 1 
QR should be equal to A, it is:
0.44745 0.310325 0.0982397 0.615026 
0.0634672 0.87995 0.107003 0.486486 
0.230349 0.0446402 0.640286 0.564366 
0.116155 0.77173 0.478708 0.107749 
0.798984 0.328511 0.558235 0.0918726 
Square random matrix:
0.637909 0.0725061 0.431188 0.420981 0.811127 
0.524785 0.75422 0.132571 0.44263 0.54149 
0.749076 0.890079 0.851815 0.847315 0.505105 
0.915282 0.727266 0.612108 0.401769 0.957615 
0.656748 0.0420545 0.52198 0.772904 0.813784 
Random right hand side b:
  0.001
  0.881
  0.613
  0.329
  0.439
The solution x is:
-42.276
  9.486
 11.684
  1.121
 25.608
We should have Ax=b, we have Ax=
  0.001
  0.881
  0.613
  0.329
  0.439
The inverse matrix is:
282.581 50.2468 67.5224 -152.665 -177.356 
-59.4604 -9.72726 -13.8634 32.2536 36.3894 
-85.6565 -17.4075 -19.4543 47.3166 53.3552 
0.270843 1.18608 0.520435 -1.94651 0.908341 
-170.294 -30.0089 -41.792 93.0368 107.394 
AA^-1 should be 1, it is:
1 -1.77636e-14 7.10543e-15 0 0 
0 1 -7.10543e-15 1.42109e-14 1.42109e-14 
1.42109e-14 -1.77636e-15 1 -7.10543e-15 -2.13163e-14 
2.84217e-14 0 0 1 -2.84217e-14 
2.84217e-14 3.55271e-15 0 -2.84217e-14 1 
A^-1 A should be 1, it is:
1 -3.16369e-12 2.47269e-12 1.50635e-12 -5.96856e-13 
6.03961e-14 1 -5.11591e-13 -3.12639e-13 1.35003e-13 
8.52651e-14 9.65006e-13 1 -4.47642e-13 1.84741e-13 
-1.11022e-15 -7.13318e-15 4.94049e-15 1 -2.10942e-15 
1.7053e-13 1.89715e-12 -1.49214e-12 -8.95284e-13 1 
